0 371 ChinaADM2 RegionCode
340800 421100         1.15483485
340800 340700         1.11339978
340800 341500         1.11351012
340800 341700        0.925541724
340300 341100        0.961233855
340300 340600        0.849349682
340300 341300        0.758977833
340300 340400        0.845781517
341600 341300         1.11366813
341600 411400        0.980582674
341600 340600         0.63465421
341600 341200         0.70391387
341700 360200        0.980513311
341700 340800        0.925541724
341700 340700         0.63110527
341700 341000        0.800905802
341100 340100         1.08133048
341100 320100        0.963576182
341100 340500        0.943001163
341100 340300        0.961233855
341200 411500         1.17124765
341200 411600         1.15361024
341200 341600         0.70391387
341200 340400         1.15305021
340100 340500          1.0176979
340100 340200        0.984030829
340100 340700        0.900610054
340100 340400         0.92122252
340600 320300        0.996161622
340600 340300        0.849349682
340600 341300        0.484820344
340600 341600         0.63465421
340400 341600         1.12824618
340400 340100         0.92122252
340400 341500        0.976113952
340400 340300        0.845781517
341000 340700         1.10554025
341000 341800         1.10308721
341000 341700        0.800905802
341000 360200         1.00034201
341500 421100         1.29586933
341500 340100         1.13109285
341500 340400        0.976113952
341500 340800         1.11351012
340500 340100          1.0176979
340500 341100        0.943001163
340500 320100         0.55819219
340500 340200        0.529029729
341300 370400         1.07225587
341300 340300        0.758977833
341300 320300        0.583342604
341300 340600        0.484820344
340700 341000         1.10554025
340700 340200        0.642359811
340700 340100        0.900610054
340700 341700         0.63110527
340200 340100        0.984030829
340200 341800        0.860938258
340200 340500        0.529029729
340200 340700        0.642359811
341800 340500         1.06994707
341800 330500          1.0187142
341800 330100         1.00037164
341800 340200        0.860938258
820000 440300         0.75056253
820000 810000        0.610245547
820000 440400        0.200246615
820000 442000        0.394803433
110000 130800         1.62361523
110000 130700         1.53883992
110000 131000         0.95101716
110000 120000         1.29471023
350100 350700         1.67081983
350100 350500         1.26872307
350100 350300        0.675271927
350100 350900        0.966977371
350800 445100         1.50833061
350800 441400         1.27407278
350800 350400         1.20171374
350800 350600         1.19811195
350700 361100         1.58231905
350700 350900         1.39789596
350700 350400         1.28004679
350700 360600         1.36165474
350900 350700         1.39789596
350900 330300         1.34307587
350900 350100        0.966977371
350900 331100         1.22866252
350300 350900         1.63723054
350300 350200         1.10469029
350300 350100        0.675271927
350300 350500        0.683851746
350500 350100         1.26872307
350500 350600         1.18274348
350500 350200        0.550136152
350500 350300        0.683851746
350400 361000         1.54616245
350400 350500          1.4072113
350400 350700         1.28004679
350400 350800         1.20171374
350200 350800         1.51882388
350200 350300         1.10469029
350200 350500        0.550136152
350200 350600        0.743738323
350600 350800         1.19811195
350600 350500         1.18274348
350600 350200        0.743738323
350600 445100        0.863123966
620400 622900         1.66103364
620400 621100         1.50335791
620400 620100         1.01696813
620400 640500        0.966094448
621100 620400         1.50335791
621100 620100         1.48013823
621100 622900         1.27015933
621100 620500         1.36885703
623000 513200          1.9275558
623000 621100         1.86758351
623000 622900         1.40365883
623000 632300         1.33416498
620200 620300         4.07930348
620200 632200         2.94380412
620200 620700         1.83317116
620200 620900         2.19735888
620300 152900          2.1043005
620300 632200         1.86591624
620300 620600         1.04577034
620300 630100         1.71711287
620900 632800         3.86159343
620900 650500         3.78352139
620900 620200         2.19735888
620900 659011         2.83456672
620100 621100         1.48013823
620100 630200         1.29470532
620100 620400         1.01696813
620100 622900        0.810757885
622900 623000         1.40365883
622900 621100         1.27015933
622900 620100        0.810757885
622900 630200         1.17980416
621200 510700         1.82319446
621200 621100         1.70584947
621200 510800         1.44760311
621200 620500         1.17026493
620800 621000         1.27365877
620800 620500         1.12342622
620800 640400         0.76748423
620800 610300         1.07929437
621000 640300         1.67942683
621000 610400         1.59281972
621000 620800         1.27365877
621000 640400         1.43139106
620500 621100         1.36885703
620500 640400          1.3425869
620500 620800         1.12342622
620500 621200         1.17026493
620600 630100         2.10885561
620600 630200         1.97678863
620600 620300         1.04577034
620600 620100         1.91072552
620700 630100          2.6725464
620700 620300         2.28165085
620700 632200         1.29045201
620700 620200         1.83317116
445100 350600        0.863123966
445100 441400        0.820338466
445100 440500        0.493283975
445100 445200        0.803237694
441900 442000        0.635358668
441900 810000        0.615812929
441900 440300         0.39036201
441900 440100        0.519550248
440600 441200        0.910193525
440600 440700        0.787562188
440600 442000        0.662199293
440600 440100        0.677290184
440100 440300        0.909788747
440100 442000        0.823896796
440100 440600        0.677290184
440100 441900        0.519550248
441600 445200         1.36092894
441600 441400         1.13272612
441600 441500         1.32874182
441600 441300         0.92867887
441300 810000        0.934988939
441300 441600         0.92867887
441300 440300        0.693875577
441300 441900        0.695969697
440700 820000        0.895729466
440700 440600        0.787562188
440700 440400        0.699270243
440700 442000        0.763952077
445200 441400        0.867876776
445200 445100        0.803237694
445200 440500        0.475808203
445200 441500        0.703002887
440900 440800         1.22292416
440900 445300         1.16423165
440900 441700        0.821275002
440900 450900        0.883906211
441400 441600         1.13272612
441400 440500         1.01396806
441400 445100        0.820338466
441400 445200        0.867876776
441800 440600         1.30962154
441800 440100         1.18665356
441800 440200         1.03210686
441800 441200         1.02545026
440500 441500         1.10472012
440500 441400         1.01396806
440500 445200        0.475808203
440500 445100        0.493283975
441500 441600         1.32874182
441500 441300         1.14424231
441500 445200        0.703002887
441500 440500         1.10472012
440200 440100         1.50801112
440200 441600         1.41492376
440200 441800         1.03210686
440200 431000         1.18131342
440300 820000         0.75056253
440300 441300        0.693875577
440300 810000        0.269475829
440300 441900         0.39036201
441700 440600         1.52529134
441700 440700        0.929393361
441700 445300        0.788451922
441700 440900        0.821275002
445300 450400         1.04272605
445300 440700         1.03608004
445300 441200        0.830833728
445300 441700        0.788451922
440800 469024         1.34260194
440800 460100         1.24751732
440800 450500         1.01417592
440800 440900         1.22292416
441200 451100         1.17850511
441200 441800         1.02545026
441200 445300        0.830833728
441200 440600        0.910193525
442000 440600        0.662199293
442000 820000        0.394803433
442000 441900        0.635358668
442000 440400        0.369315317
440400 810000        0.803660292
440400 442000        0.369315317
440400 440700        0.699270243
440400 820000        0.200246615
451000 451400         1.78032602
451000 451200         1.68762546
451000 532600          1.6016665
451000 522300         1.52217018
450500 450600         1.34133263
450500 450900         1.14986031
450500 440800         1.01417592
450500 450700        0.604472094
451400 451000         1.78032602
451400 450700          1.7727893
451400 450100         1.31257357
451400 450600        0.971903045
450600 450500         1.34133263
450600 450100         1.26828742
450600 451400        0.971903045
450600 450700         1.04739139
450800 450700         1.50160722
450800 450400         1.00675393
450800 451300        0.800367783
450800 450900         0.88618342
450300 430500         1.59937066
450300 451100         1.30750255
450300 450200         1.21301507
450300 431100         1.28603884
451200 450100         1.70327701
451200 451000         1.68762546
451200 522700          1.4931155
451200 450200         1.55890785
451100 431100         1.46101036
451100 441200         1.17850511
451100 450300         1.30750255
451100 450400         0.95370025
451300 450900         1.60817874
451300 450100         1.23873015
451300 450200          1.0942814
451300 450800        0.800367783
450200 450800         1.75444868
450200 451200         1.55890785
450200 451300          1.0942814
450200 450300         1.21301507
450100 451400         1.31257357
450100 450600         1.26828742
450100 450700         1.04184498
450100 451300         1.23873015
450700 450900         1.19712833
450700 450100         1.04184498
450700 450600         1.04739139
450700 450500        0.604472094
450400 441200         1.21622699
450400 445300         1.04272605
450400 450800         1.00675393
450400 451100         0.95370025
450900 450700         1.19712833
450900 450500         1.14986031
450900 450800         0.88618342
450900 440900        0.883906211
520400 520500         1.29954043
520400 520100          1.1363763
520400 520200         1.06730159
520400 522300          0.8766139
520500 510500         1.44480638
520500 530600         1.34678634
520500 520200        0.985889797
520500 520400         1.29954043
520100 520500         1.50913522
520100 520400          1.1363763
520100 520300         1.37924292
520100 522700        0.990934791
520200 520400         1.06730159
520200 530300         1.04699576
520200 520500        0.985889797
520200 522300          1.0422493
522600 431200         1.84124729
522600 450200         1.75766033
522600 522700          1.3966615
522600 520600         1.46557359
522700 451200          1.4931155
522700 522600          1.3966615
522700 520100        0.990934791
522700 520400         1.30106953
522300 530300         1.58811302
522300 451000         1.52217018
522300 520200          1.0422493
522300 520400          0.8766139
520600 431200          1.5903387
520600 520300         1.47008258
520600 522600         1.46557359
520600 433100         1.38855262
520300 500000         2.04658417
520300 520600         1.47008258
520300 510500         1.44476134
520300 520100         1.37924292
469025 469030        0.532620899
469025 469001        0.417622604
469025 469026        0.358177884
469025 460400        0.372460729
469029 469030        0.488642282
469029 460200        0.322820305
469029 469001        0.272379681
469029 469028        0.303314512
469026 469027        0.587167865
469026 460400        0.531696749
469026 469007        0.288651672
469026 469025        0.358177884
469023 460100         0.45852288
469023 469021        0.388584967
469023 469022        0.363900702
469023 469024        0.295870036
460400 469023        0.611805994
460400 469024        0.398182583
460400 469026        0.531696749
460400 469025        0.372460729
469021 469023        0.388584967
469021 460100        0.384986751
469021 469022        0.293265676
469021 469002        0.293970551
469007 469001        0.713733253
469007 469025        0.573896031
469007 469026        0.288651672
469007 469027        0.413982788
460100 469022        0.628464128
460100 469023         0.45852288
460100 469005        0.380328896
460100 469021        0.384986751
469027 469026        0.587167865
469027 469001        0.516064568
469027 469007        0.413982788
469027 460200        0.480319887
469024 469021        0.680698404
469024 469022        0.578395742
469024 469023        0.295870036
469024 460400        0.398182583
469028 469001        0.518219732
469028 469030        0.493905754
469028 469029        0.303314512
469028 469006        0.466860061
469002 469030        0.594025198
469002 469006        0.392261112
469002 469021        0.293970551
469002 469022        0.389088723
469030 469028        0.493905754
469030 469001        0.401833208
469030 469029        0.488642282
469030 469022        0.368136542
460300 469029         9.64640298
460300 469006           9.610178
460300 460200         9.54005023
460300 469028          9.4877938
460200 469028        0.561768519
460200 469027        0.480319887
460200 469029        0.322820305
460200 469001        0.470567178
469022 469002        0.389088723
469022 469030        0.368136542
469022 469021        0.293265676
469022 469023        0.363900702
469006 469022        0.578068711
469006 469030        0.512000527
469006 469002        0.392261112
469006 469028        0.466860061
469005 469023        0.799571184
469005 469002        0.650365879
469005 460100        0.380328896
469005 469021        0.544102748
469001 460200        0.470567178
469001 469025        0.417622604
469001 469029        0.272379681
469001 469030        0.401833208
130600 140200         1.69713081
130600 131000         1.47634967
130600 130100         1.15293428
130600 131100         1.41770299
130900 120000         1.16709657
130900 131100         1.07002057
130900 131000          1.0001755
130900 371400         1.02723254
130800 120000         2.07365199
130800 130300         2.06966084
130800 130200         1.81683785
130800 110000         1.62361523
130400 410900         1.04823402
130400 410600        0.861655695
130400 410500        0.701461363
130400 130500        0.714320869
131100 371500         1.30547874
131100 130500         1.14688526
131100 130900         1.07002057
131100 371400        0.971598315
131000 130600         1.47634967
131000 130900          1.0001755
131000 120000        0.713788658
131000 110000         0.95101716
130300 120000         2.01233368
130300 211300         1.64814218
130300 130200        0.934283078
130300 211400         1.14812279
130100 131100         1.43148765
130100 130600         1.15293428
130100 130500         0.99272581
130100 140300        0.942519514
130200 130800         1.81683785
130200 131000          1.7623839
130200 130300        0.934283078
130200 120000         1.07807237
130500 371500         1.30456591
130500 131100         1.14688526
130500 130400        0.714320869
130500 130100         0.99272581
130700 131000         2.26410379
130700 130600         1.84858997
130700 110000         1.53883992
130700 140200          1.6288248
410500 410900        0.930624637
410500 130400        0.701461363
410500 410600        0.160196888
410500 410700        0.667681166
410600 410900        0.976101904
410600 130400        0.861655695
410600 410500        0.160196888
410600 410700        0.509179263
419001 410100         1.17963979
419001 410300        0.884142905
419001 410800        0.739471005
419001 140500         0.59984381
410800 410700        0.969498588
410800 419001        0.739471005
410800 410100        0.594471875
410800 140500        0.654701355
410200 410100         1.06295253
410200 411000        0.982489072
410200 410700        0.795718841
410200 411600        0.946873513
410300 411300         1.27327058
410300 410400         1.09785882
410300 419001        0.884142905
410300 411200        0.928269258
411100 411600         0.98025755
411100 410400        0.899700418
411100 411000        0.457952854
411100 411700        0.774161144
411300 421300         1.66675888
411300 410300         1.27327058
411300 410400         1.04605379
411300 420600         1.16510785
410400 411300         1.04605379
410400 410100        0.949441937
410400 411000        0.751448134
410400 411100        0.899700418
410900 410600        0.976101904
410900 410500        0.930624637
410900 371700        0.775582866
410900 371500         0.88414395
411200 611000         1.40026626
411200 610500         1.38577903
411200 410300        0.928269258
411200 140800         0.82742968
411400 340600         1.18654373
411400 411600        0.997008248
411400 341600        0.980582674
411400 371700        0.861884099
410700 410100        0.887631592
410700 410500        0.667681166
410700 410200        0.795718841
410700 410600        0.509179263
411500 341500         1.40998032
411500 420900          1.3916627
411500 341200         1.17124765
411500 411700         1.11622149
411000 410200        0.982489072
411000 410400        0.751448134
411000 410100        0.601813244
411000 411100        0.457952854
410100 410400        0.949441937
410100 410700        0.887631592
410100 410800        0.594471875
410100 411000        0.601813244
411600 411700         1.07988073
411600 411400        0.997008248
411600 410200        0.946873513
411600 411100         0.98025755
411700 411000         1.23074989
411700 411500         1.11622149
411700 411100        0.774161144
411700 411600         1.07988073
230600 231200         2.02148622
230600 220800         1.96221883
230600 230200         1.36138301
230600 220700         1.56172515
232700 231200         5.92194576
232700 230200         4.60114821
232700 150700         4.00644549
232700 231100          4.1109483
230100 230700         2.51157241
230100 220200         2.34006974
230100 231000          2.1941686
230100 231200         1.81634349
230400 230500         2.03313519
230400 230700         1.59753975
230400 230900         1.76599712
230400 230800         1.44055299
231100 230600         3.70547696
231100 230200         2.89831528
231100 231200         2.39363055
231100 230700         2.65690756
230300 230400          2.4999686
230300 230800         1.60893802
230300 230900         1.37293521
230300 230500         1.13376685
230800 230900         1.84190199
230800 230300         1.60893802
230800 230500        0.673300456
230800 230400         1.44055299
231000 230300         2.60980403
231000 230100          2.1941686
231000 230900         1.65566214
231000 222400         1.64339639
230900 230800         1.84190199
230900 230400         1.76599712
230900 230300         1.37293521
230900 231000         1.65566214
230200 231100         2.89831528
230200 220800         2.80887707
230200 230600         1.36138301
230200 231200         2.24963292
230500 230400         2.03313519
230500 230900         1.87229073
230500 230800        0.673300456
230500 230300         1.13376685
231200 231100         2.39363055
231200 230200         2.24963292
231200 230100         1.81634349
231200 230600         2.02148622
230700 231100         2.65690756
230700 230900         2.59055487
230700 230400         1.59753975
230700 230100         2.51157241
420700 421200        0.912174737
420700 421100        0.701910749
420700 420100        0.506237647
420700 420200        0.484062741
422800 500000         1.68035113
422800 429021         1.67857143
422800 433100         1.50714831
422800 430800         1.26232299
421100 340800         1.15483485
421100 420100         1.00110666
421100 420200        0.849104014
421100 420700        0.701910749
420200 421200        0.902024811
420200 421100        0.849104014
420200 360400        0.740996857
420200 420700        0.484062741
420800 420600         1.09252152
420800 421000          1.0743807
420800 429005        0.746236176
420800 429006        0.658544506
421000 420800          1.0743807
421000 429004        0.857715419
421000 429005        0.390077405
421000 429006        0.844985361
429005 420800        0.746236176
429005 429004        0.620942699
429005 421000        0.390077405
429005 429006         0.46855401
429021 422800         1.67857143
429021 420600         1.50027948
429021 420300        0.865781321
429021 420500         1.07132731
420300 420600          1.5847628
420300 610900         1.54461691
420300 429021        0.865781321
420300 611000         1.30806751
421300 411700         1.31346368
421300 429006         1.22448585
421300 420900        0.843874876
421300 420800         1.11385663
429006 421000        0.844985361
429006 420800        0.658544506
429006 429004        0.442820048
429006 429005         0.46855401
420100 421100         1.00110666
420100 420200        0.974703174
420100 420700        0.506237647
420100 420900        0.677752375
429004 420900         0.96920631
429004 421000        0.857715419
429004 429006        0.442820048
429004 429005        0.620942699
421200 429004         1.04056085
421200 420100         1.01394974
421200 420700        0.912174737
421200 420200        0.902024811
420600 421300         1.49119199
420600 420500          1.4301113
420600 411300         1.16510785
420600 420800         1.09252152
420900 429004         0.96920631
420900 429006         0.90155527
420900 421300        0.843874876
420900 420100        0.677752375
420500 430700          1.4976475
420500 420600          1.4301113
420500 430800         1.48539711
420500 429021         1.07132731
430700 420500          1.4976475
430700 421000         1.26020103
430700 430800        0.997308719
430700 430900        0.843539318
431000 431100         1.40758027
431000 430200         1.35887815
431000 440200         1.18131342
431000 430400         1.12962581
430400 431100         1.32501301
430400 430200         0.99746713
430400 431000         1.12962581
430400 430300         0.93776396
431200 520600          1.5903387
431200 431300         1.54977761
431200 430500         1.02077259
431200 433100         1.19836705
431300 430400         1.34765743
431300 430500         1.10785874
431300 430900        0.902025634
431300 430300        0.989821194
430500 450300         1.59937066
430500 431100         1.42477523
430500 431200         1.02077259
430500 431300         1.10785874
430300 430900         1.06595602
430300 431300        0.989821194
430300 430100        0.740378354
430300 430400         0.93776396
433100 422800         1.50714831
433100 520600         1.38855262
433100 431200         1.19836705
433100 430800          1.0611291
430900 430100         1.25107426
430900 430300         1.06595602
430900 430700        0.843539318
430900 431300        0.902025634
431100 430500         1.42477523
431100 431000         1.40758027
431100 450300         1.28603884
431100 430400         1.32501301
430600 429004         1.22954482
430600 421000         1.15525794
430600 430100         0.84531099
430600 421200          1.0767007
430800 420500         1.48539711
430800 422800         1.26232299
430800 430700        0.997308719
430800 433100          1.0611291
430100 430200         1.16666855
430100 360300         1.03567197
430100 430600         0.84531099
430100 430300        0.740378354
430200 430100         1.16666855
430200 430300         1.10079171
430200 360300        0.550998051
430200 430400         0.99746713
220800 150500         2.10282574
220800 230600         1.96221883
220800 152200         1.89184026
220800 220700         1.56318144
220600 222400         2.12835489
220600 220400         2.11399906
220600 220500         1.34093264
220600 220200         1.57338606
220200 220500         1.85338936
220200 220400         1.71926545
220200 220600         1.57338606
220200 220100          1.4425453
220400 210400         1.17325284
220400 211200         1.14704207
220400 220500         1.06991717
220400 220300         1.14083543
220300 220100         1.44181909
220300 220700         1.32102588
220300 211200        0.866354183
220300 220400         1.14083543
220700 220800         1.56318144
220700 230600         1.56172515
220700 220100         1.22233932
220700 220300         1.32102588
220500 210500         1.56063627
220500 220600         1.34093264
220500 220400         1.06991717
220500 210400         1.29903471
222400 230100         2.75436347
222400 220200         2.32206022
222400 220600         2.12835489
222400 231000         1.64339639
220100 220400         1.49837695
220100 220200          1.4425453
220100 220700         1.22233932
220100 220300         1.44181909
320400 330500        0.910233132
320400 320100         0.84952388
320400 321100        0.431776197
320400 320200        0.450597049
320800 320700         1.19703656
320800 341100         1.18155245
320800 321300        0.620297265
320800 321000        0.798292572
320700 320800         1.19703656
320700 371300         1.15602799
320700 321300        0.974127545
320700 371100         1.04190839
320100 341100        0.963576182
320100 320400         0.84952388
320100 340500         0.55819219
320100 321100        0.616486704
320600 320200         1.17161033
320600 310000         1.06604805
320600 320500        0.888944548
320600 321200         1.06144018
320500 320600        0.888944548
320500 330400        0.771461891
320500 310000        0.845871455
320500 320200        0.596939372
321300 341100         1.30852393
321300 320300         1.15399054
321300 320800        0.620297265
321300 320700        0.974127545
321200 320400         1.03501699
321200 320900        0.953291681
321200 321000        0.605188552
321200 321100        0.820032664
320200 330500        0.806194307
320200 321100        0.793485016
320200 320400        0.450597049
320200 320500        0.596939372
320300 321300         1.15399054
320300 340600        0.996161622
320300 370400        0.574463497
320300 341300        0.583342604
320900 320700         1.46879161
320900 320800         1.24067335
320900 321000          1.0594639
320900 321200        0.953291681
321000 320100         1.02697317
321000 320800        0.798292572
321000 321200        0.605188552
321000 321100        0.721909301
321100 320200        0.793485016
321100 321000        0.721909301
321100 320400        0.431776197
321100 320100        0.616486704
361000 360500          1.6170169
361000 350400         1.54616245
361000 360100         1.21303833
361000 360600        0.981762126
360700 441400         1.70810401
360700 441600         1.69382711
360700 350800         1.52370594
360700 360800         1.34169949
360800 360900         1.34091523
360800 360300         1.06802565
360800 430200         1.31532929
360800 360500        0.872342196
360200 360600         1.09476171
360200 341000         1.00034201
360200 341700        0.980513311
360200 361100        0.571317364
360400 420700         1.22499453
360400 360900         1.12317106
360400 420200        0.740996857
360400 360100        0.879274675
360100 361000         1.21303833
360100 360600         1.16890725
360100 360900         1.10102127
360100 360400        0.879274675
360300 360800         1.06802565
360300 430100         1.03567197
360300 430200        0.550998051
360300 360500         1.00607618
361100 341000         1.28200853
361100 360600        0.658525992
361100 330800         1.21315893
361100 360200        0.571317364
360500 360100         1.41689071
360500 360800        0.872342196
360500 360300         1.00607618
360500 360900        0.476278792
360900 360300         1.33197453
360900 360400         1.12317106
360900 360500        0.476278792
360900 360100         1.10102127
360600 360100         1.16890725
360600 360200         1.09476171
360600 361000        0.981762126
360600 361100        0.658525992
210300 210100         1.38673475
210300 210800        0.648342361
210300 211100          1.0779145
210300 211000        0.523326055
210500 211200         1.46987736
210500 211000         1.32351565
210500 210400        0.611275267
210500 210600        0.709732115
211300 211100         2.02899665
211300 130300         1.64814218
211300 211400        0.913742788
211300 210700         1.59886002
210200 211000         1.91335607
210200 211100         1.49434893
210200 210300          1.3953417
210200 210800        0.844941179
210600 210300         1.39558329
210600 211000         1.31843509
210600 210400         1.31937732
210600 210500        0.709732115
210400 220500         1.29903471
210400 220400         1.17325284
210400 210500        0.611275267
210400 211200        0.944283025
210900 150500         1.58416907
210900 211100         1.21391641
210900 210700        0.889186057
210900 210100         1.19686784
211400 211100         1.84458361
211400 210700         1.63996031
211400 211300        0.913742788
211400 130300         1.14812279
210700 210300         1.58629102
210700 210800         1.35943557
210700 211100        0.547655796
210700 210900        0.889186057
211000 211100         1.25701654
211000 210800         1.12242488
211000 210100        0.918912037
211000 210300        0.523326055
211100 210900         1.21391641
211100 210300          1.0779145
211100 210700        0.547655796
211100 210800        0.816911415
210100 210300         1.38673475
210100 210900         1.19686784
210100 211000        0.918912037
210100 211200         1.17008595
211200 210100         1.17008595
211200 220400         1.14704207
211200 210400        0.944283025
211200 220300        0.866354183
210800 211000         1.12242488
210800 211100        0.816911415
210800 210200        0.844941179
210800 210300        0.648342361
152900 632200         3.47908755
152900 620700         3.04512615
152900 620300          2.1043005
152900 620600         2.39991436
150800 150200         2.69269251
150800 640200         2.65868799
150800 150600         2.29294962
150800 150300         2.13820817
150200 150800         2.69269251
150200 150600         2.68923235
150200 150100         1.56517374
150200 150900         2.18669921
150400 211400         2.92507234
150400 150500         2.76388611
150400 211300         2.05670468
150400 130800         2.29382665
150600 150800         2.29294962
150600 640200         2.15452745
150600 150300         1.75881018
150600 610800         1.66279361
150100 140900         1.93645632
150100 140600         1.50228454
150100 150200         1.56517374
150100 150900         1.44374166
150700 220800          4.6841019
150700 232700         4.00644549
150700 152200          3.4359266
150700 230200         3.89362022
150500 210700         2.35747488
150500 210100         2.32841234
150500 220800         2.10282574
150500 210900         1.58416907
150300 640300         1.99263049
150300 150600         1.75881018
150300 640100         1.25520666
150300 640200        0.550669353
150900 140200         2.19195861
150900 150200         2.18669921
150900 150100         1.44374166
150900 140600         2.07519274
152500 150900         3.94291154
152500 150400         3.52426405
152500 130700         3.35851908
152500 130800         3.51511851
152200 150700          3.4359266
152200 230600         3.36555656
152200 220800         1.89184026
152200 150500         2.42067318
640400 621000         1.43139106
640400 620500          1.3425869
640400 620800         0.76748423
640400 640500          1.2912824
640200 150600         2.15452745
640200 640300         1.54398019
640200 640100        0.740090607
640200 150300        0.550669353
640300 640400         1.58592788
640300 640200         1.54398019
640300 640100         0.84355837
640300 640500         1.11999276
640100 640500         1.52630721
640100 150300         1.25520666
640100 640200        0.740090607
640100 640300         0.84355837
640500 640100         1.52630721
640500 640400          1.2912824
640500 640300         1.11999276
640500 620400        0.966094448
632600 623000         3.35064393
632600 513300         3.21973677
632600 632500         1.97031203
632600 632300         2.38751459
632200 620300         1.86591624
632200 632500         1.85855383
632200 630100         1.46766638
632200 620700         1.29045201
630200 632300         1.49197176
630200 622900         1.17980416
630200 620100         1.29470532
630200 630100         1.03232323
632500 632600         1.97031203
632500 632200         1.85855383
632500 632300         1.62925937
632500 630100         1.49975566
632800 632600         5.53552164
632800 620200         4.82136432
632800 620900         3.86159343
632800 632700         2.51025702
632300 622900         1.76405291
632300 632500         1.62925937
632300 630200         1.49197176
632300 623000         1.33416498
630100 620300         1.71711287
630100 632500         1.49975566
630100 632200         1.46766638
630100 630200         1.03232323
632700 540400         5.10014552
632700 540300         4.38080432
632700 632600           5.099663
632700 632800         2.51025702
371600 371400         1.22893395
371600 370100         1.09812418
371600 370500        0.800183378
371600 370300        0.955367816
371400 371500         1.10020244
371400 130900         1.02723254
371400 370100        0.834641164
371400 131100        0.971598315
370500 370100         1.73809997
370500 370300          1.1847065
370500 371600        0.800183378
370500 370700         1.17303642
371700 410200         1.27976289
371700 370800         1.06545728
371700 411400        0.861884099
371700 410900        0.775582866
370100 371600         1.09812418
370100 370300        0.838301344
370100 371400        0.834641164
370100 370900         0.66314032
370800 320300          1.2804694
370800 371700         1.06545728
370800 370900        0.695507551
370800 370400        0.798388189
371500 130500         1.30456591
371500 370900         1.23158121
371500 410900         0.88414395
371500 371400         1.10020244
371300 320300         1.22175294
371300 320700         1.15602799
371300 371100        0.901538444
371300 370400        0.970982002
370200 370500         1.92515781
370200 371100         1.32878365
370200 370700         1.07866074
370200 370600         1.03112081
371100 370200         1.32878365
371100 320700         1.04190839
371100 371300        0.901538444
371100 370700        0.976072311
370900 370300         1.19348244
370900 370400         1.14618817
370900 370800        0.695507551
370900 370100         0.66314032
371000 370700         2.97737586
371000 370200         1.96720839
371000 210200         2.47513277
371000 370600         1.20261491
370700 370500         1.17303642
370700 370300         1.02088934
370700 370200         1.07866074
370700 371100        0.976072311
370600 370500         2.20058613
370600 370700         1.86111476
370600 370200         1.03112081
370600 371000         1.20261491
370400 341300         1.07225587
370400 371300        0.970982002
370400 320300        0.574463497
370400 370800        0.798388189
370300 370500          1.1847065
370300 370700         1.02088934
370300 371600        0.955367816
370300 370100        0.838301344
140200 130600         1.69713081
140200 140900         1.65968936
140200 140600         1.11440295
140200 130700          1.6288248
140500 410100         1.24773584
140500 140400        0.890386857
140500 410800        0.654701355
140500 419001         0.59984381
140700 140900         1.65096945
140700 140300        0.911609746
140700 140100        0.904488926
140700 140400        0.851934307
141000 419001         1.51731796
141000 140500          1.4658757
141000 140800         1.08467339
141000 141100         1.45644218
141100 610800         1.73442003
141100 140900         1.66181585
141100 140100          1.0895255
141100 141000         1.45644218
140600 140100         1.68951193
140600 150100         1.50228454
140600 140900        0.770743201
140600 140200         1.11440295
140100 140300         1.18846868
140100 141100          1.0895255
140100 140700        0.904488926
140100 140900        0.927719741
140900 140700         1.65096945
140900 140300         1.36394756
140900 140600        0.770743201
140900 140100        0.927719741
140300 140900         1.36394756
140300 130100        0.942519514
140300 140100         1.18846868
140300 140700        0.911609746
140800 410300         1.31689656
140800 610500         1.23771546
140800 411200         0.82742968
140800 141000         1.08467339
140400 419001         1.47253847
140400 410800         1.38048152
140400 140500        0.890386857
140400 140700        0.851934307
610900 610700         1.85336174
610900 420300         1.54461691
610900 611000         1.32022575
610900 610100         1.35627715
610300 620500         1.48744348
610300 610700           1.292122
610300 620800         1.07929437
610300 610400         1.25675519
610700 511700         1.80732443
610700 510800         1.55896785
610700 511900         1.07536925
610700 610300           1.292122
611000 610900         1.32022575
611000 610500         1.30239861
611000 420300         1.30806751
611000 610100         1.20067664
610200 610600         1.27270475
610200 610100          1.1154369
610200 610400        0.763157214
610200 610500        0.854549783
610500 610100         1.35367827
610500 611000         1.30239861
610500 610200        0.854549783
610500 140800         1.23771546
610100 610500         1.35367827
610100 611000         1.20067664
610100 610200          1.1154369
610100 610400        0.787836359
610400 610500          1.4703695
610400 610300         1.25675519
610400 610200        0.763157214
610400 610100        0.787836359
610600 621000         1.74653525
610600 610800         1.62098169
610600 610200         1.27270475
610600 610500         1.58132791
610800 141000         2.56150155
610800 150600         1.66279361
610800 141100         1.73442003
610800 610600         1.62098169
310000 330900         1.29757614
310000 320600         1.06604805
310000 320500        0.845871455
310000 330400         0.91940962
513200 510600         2.22398482
513200 510100         2.18953766
513200 623000          1.9275558
513200 510700         2.16500291
511900 510800         1.27882917
511900 511300         1.17040177
511900 511700        0.890200259
511900 610700         1.07536925
510100 511000         1.41042023
510100 512000         1.30857214
510100 510600        0.694465222
510100 511400         0.74807773
511700 511300         1.45113345
511700 511600         1.35886502
511700 511900        0.890200259
511700 500000         1.32911471
510600 512000         1.23424286
510600 510900         1.15042989
510600 510100        0.694465222
510600 510700        0.767443056
513300 533400         3.04355898
513300 513200         2.98811713
513300 511800         2.85950536
513300 540300         2.96376971
511600 511700         1.35886502
511600 500000         1.26603503
511600 510900         1.20926458
511600 511300        0.896233906
510800 621200         1.44760311
510800 510700         1.15573124
510800 511900         1.27882917
510800 511300         1.14669264
511100 511500         1.24426308
511100 511800         1.14391632
511100 511400        0.734122362
511100 510300         1.11561503
513400 511100          1.9971313
513400 530600         1.93630855
513400 510400         1.13395496
513400 530700         1.82031853
510500 520300         1.44476134
510500 511000         1.41850527
510500 511500         1.03961736
510500 510300         1.29780848
511400 510300          1.1295745
511400 511800          1.0895094
511400 511100        0.734122362
511400 510100         0.74807773
510700 510900         1.43982317
510700 510100         1.42386945
510700 510600        0.767443056
510700 510800         1.15573124
511300 511900         1.17040177
511300 510800         1.14669264
511300 510900        0.924066684
511300 511600        0.896233906
511000 510900         1.13862612
511000 511500         1.10207903
511000 510300        0.421135262
511000 512000        0.503164942
510400 530100         1.82347341
510400 532300         1.46412093
510400 513400         1.13395496
